,Year,All natural disasters (Occurrence),Drought (Occurrence),Extreme temperature (Occurrence),Extreme weather (Occurrence),Flood (Occurrence),Wildfire (Occurrence),CO2(ppm),Temp
0,1900,5.0,2.0,0.0,1.0,1.0,0.0,295.9,8.501583333333333
1,1901,2.0,0.0,0.0,0.0,0.0,0.0,296.24,8.541916666666665
2,1902,9.0,0.0,0.0,1.0,0.0,0.0,296.59,8.304416666666667
3,1903,8.0,1.0,0.0,2.0,2.0,0.0,296.93,8.220166666666668
4,1904,2.0,0.0,0.0,1.0,0.0,0.0,297.28,8.090916666666667
5,1905,4.0,0.0,0.0,1.0,0.0,0.0,297.63,8.225166666666665
6,1906,17.0,1.0,0.0,3.0,2.0,0.0,297.98,8.379083333333332
7,1907,5.0,0.0,0.0,0.0,0.0,0.0,298.34,7.947166666666667
8,1908,4.0,0.0,0.0,0.0,0.0,0.0,298.7,8.186083333333334
9,1909,11.0,0.0,0.0,5.0,1.0,0.0,299.06,8.17825
10,1910,15.0,9.0,0.0,1.0,1.0,0.0,299.42,8.223
11,1911,5.0,0.0,0.0,2.0,1.0,1.0,299.78,8.177000000000001
12,1912,7.0,0.0,0.0,5.0,0.0,0.0,300.15,8.165416666666667
13,1913,5.0,0.0,0.0,1.0,0.0,0.0,300.52,8.297749999999999
14,1914,6.0,0.0,0.0,1.0,0.0,0.0,300.89,8.5905
15,1915,7.0,0.0,0.0,2.0,1.0,0.0,301.27,8.593166666666665
16,1916,2.0,0.0,0.0,1.0,0.0,0.0,301.64,8.22525
17,1917,6.0,0.0,0.0,2.0,1.0,0.0,302.02,8.023333333333332
18,1918,7.0,0.0,0.0,1.0,0.0,1.0,302.4,8.130833333333332
19,1919,4.0,1.0,0.0,2.0,0.0,0.0,302.77,8.38225
20,1920,7.0,2.0,0.0,1.0,1.0,0.0,303.15,8.35875
21,1921,2.0,1.0,0.0,0.0,0.0,0.0,303.53,8.571
22,1922,6.0,0.0,0.0,2.0,0.0,1.0,303.9,8.408
23,1923,12.0,0.0,0.0,6.0,0.0,0.0,304.27,8.422166666666666
24,1924,4.0,0.0,0.0,2.0,0.0,0.0,304.64,8.506833333333335
25,1925,6.0,0.0,0.0,3.0,1.0,0.0,305.01,8.534416666666667
26,1926,15.0,0.0,0.0,7.0,4.0,0.0,305.38,8.728833333333332
27,1927,12.0,0.0,0.0,4.0,2.0,0.0,305.74,8.522083333333333
28,1928,17.0,1.0,0.0,7.0,2.0,0.0,306.1,8.632166666666668
29,1929,6.0,0.0,0.0,2.0,0.0,1.0,306.46,8.242416666666665
30,1930,14.0,0.0,0.0,4.0,1.0,0.0,306.81,8.633583333333332
31,1931,12.0,1.0,0.0,4.0,1.0,0.0,307.15,8.71925
32,1932,8.0,0.0,0.0,5.0,0.0,0.0,307.49,8.705250000000001
33,1933,10.0,1.0,0.0,3.0,2.0,0.0,307.82,8.33825
34,1934,9.0,0.0,0.0,4.0,0.0,0.0,308.14,8.628333333333336
35,1935,11.0,0.0,0.0,7.0,1.0,0.0,308.45,8.51575
36,1936,11.0,0.0,2.0,5.0,1.0,0.0,308.75,8.554
37,1937,7.0,0.0,0.0,3.0,2.0,0.0,309.04,8.698333333333332
38,1938,7.0,0.0,0.0,2.0,2.0,0.0,309.31,8.863666666666667
39,1939,11.0,0.0,0.0,2.0,2.0,1.0,309.57,8.760333333333334
40,1940,17.0,9.0,0.0,3.0,1.0,0.0,309.82,8.764666666666667
41,1941,5.0,0.0,0.0,2.0,0.0,0.0,310.05,8.768666666666668
42,1942,9.0,1.0,0.0,3.0,0.0,0.0,310.26,8.728416666666666
43,1943,12.0,1.0,0.0,3.0,2.0,0.0,310.46,8.755083333333333
44,1944,12.0,0.0,0.0,5.0,0.0,2.0,310.65,8.845
45,1945,12.0,0.0,0.0,7.0,0.0,0.0,310.84,8.584833333333332
46,1946,15.0,1.0,0.0,5.0,0.0,0.0,311.02,8.676916666666669
47,1947,12.0,1.0,0.0,7.0,1.0,1.0,311.22,8.797083333333333
48,1948,23.0,0.0,0.0,10.0,5.0,0.0,311.42,8.74675
49,1949,20.0,0.0,0.0,8.0,2.0,1.0,311.65,8.586749999999999
50,1950,23.0,0.0,0.0,7.0,10.0,0.0,311.89,8.365250000000001
51,1951,27.0,0.0,2.0,11.0,7.0,0.0,312.16,8.625666666666666
52,1952,24.0,0.0,0.0,10.0,4.0,0.0,312.46,8.638250000000001
53,1953,34.0,0.0,3.0,11.0,12.0,0.0,312.79,8.873750000000001
54,1954,33.0,0.0,0.0,10.0,9.0,0.0,313.15,8.560666666666666
55,1955,30.0,0.0,1.0,19.0,3.0,0.0,313.55,8.62625
56,1956,36.0,0.0,0.0,14.0,9.0,1.0,313.99,8.279583333333333
57,1957,29.0,0.0,0.0,9.0,11.0,0.0,314.45,8.7325
58,1958,23.0,0.0,2.0,13.0,3.0,0.0,314.96,8.77375
59,1959,33.0,0.0,0.0,16.0,13.0,0.0,315.74,8.732666666666665
60,1960,40.0,1.0,0.0,20.0,7.0,0.0,316.495,8.58375
61,1961,28.0,1.0,1.0,14.0,8.0,0.0,317.16999999999996,8.797666666666666
62,1962,28.0,0.0,1.0,13.0,8.0,0.0,317.905,8.745916666666666
63,1963,41.0,1.0,2.0,21.0,8.0,0.0,318.525,8.856
64,1964,60.0,7.0,0.0,22.0,22.0,0.0,319.21000000000004,8.409666666666666
65,1965,61.0,7.0,1.0,19.0,19.0,1.0,319.81,8.527416666666667
66,1966,80.0,9.0,2.0,28.0,23.0,1.0,320.885,8.599333333333332
67,1967,70.0,5.0,0.0,25.0,26.0,2.0,321.72,8.700083333333334
68,1968,77.0,7.0,2.0,25.0,20.0,3.0,322.605,8.516333333333334
69,1969,62.0,10.0,0.0,25.0,14.0,2.0,323.865,8.595083333333333
70,1970,77.0,2.0,0.0,24.0,31.0,3.0,324.885,8.700916666666666
71,1971,61.0,7.0,1.0,22.0,15.0,2.0,325.71500000000003,8.59925
72,1972,63.0,7.0,2.0,26.0,15.0,3.0,326.815,8.499583333333334
73,1973,60.0,2.0,3.0,22.0,20.0,3.0,328.47,8.948249999999998
74,1974,68.0,4.0,0.0,28.0,19.0,3.0,329.28999999999996,8.4675
75,1975,63.0,1.0,3.0,28.0,17.0,2.0,330.34000000000003,8.744833333333334
76,1976,91.0,6.0,0.0,36.0,17.0,1.0,331.395,8.347249999999999
77,1977,121.0,16.0,1.0,32.0,48.0,2.0,332.91499999999996,8.850249999999999
78,1978,115.0,9.0,1.0,42.0,47.0,3.0,334.33500000000004,8.692749999999998
79,1979,120.0,11.0,4.0,31.0,34.0,4.0,335.695,8.733416666666665
80,1980,133.0,14.0,3.0,42.0,39.0,4.0,337.32,8.980333333333332
81,1981,138.0,13.0,2.0,50.0,43.0,4.0,338.675,9.165833333333333
82,1982,153.0,13.0,3.0,52.0,48.0,3.0,340.045,8.639166666666666
83,1983,205.0,32.0,2.0,59.0,49.0,12.0,341.585,9.028166666666666
84,1984,146.0,8.0,1.0,57.0,47.0,7.0,343.15,8.691833333333335
85,1985,165.0,3.0,8.0,51.0,58.0,13.0,344.625,8.658
86,1986,150.0,4.0,2.0,56.0,50.0,6.0,345.99,8.833583333333332
87,1987,191.0,15.0,6.0,58.0,68.0,8.0,347.58500000000004,8.994416666666668
88,1988,200.0,17.0,6.0,60.0,76.0,0.0,349.53,9.201583333333334
89,1989,172.0,7.0,5.0,73.0,46.0,3.0,351.04499999999996,8.922000000000002
90,1990,278.0,12.0,13.0,137.0,60.0,4.0,352.44,9.234166666666667
91,1991,228.0,18.0,8.0,66.0,77.0,8.0,353.84000000000003,9.179416666666667
92,1992,204.0,12.0,7.0,76.0,59.0,8.0,355.04,8.836583333333332
93,1993,260.0,9.0,4.0,108.0,84.0,2.0,356.16499999999996,8.866583333333333
94,1994,246.0,13.0,9.0,81.0,88.0,13.0,357.835,9.038749999999999
95,1995,248.0,6.0,13.0,81.0,94.0,7.0,359.635,9.347083333333332
96,1996,227.0,6.0,5.0,77.0,92.0,5.0,361.32500000000005,9.038916666666667
97,1997,261.0,18.0,13.0,79.0,95.0,16.0,362.7,9.202583333333333
98,1998,288.0,20.0,12.0,88.0,94.0,18.0,364.99,9.522666666666666
99,1999,337.0,23.0,8.0,106.0,122.0,22.0,366.655,9.285083333333333
100,2000,411.0,27.0,31.0,102.0,157.0,30.0,368.05499999999995,9.201166666666667
101,2001,376.0,22.0,23.0,105.0,157.0,14.0,369.67499999999995,9.414583333333335
102,2002,421.0,25.0,15.0,122.0,172.0,22.0,371.555,9.570416666666667
103,2003,360.0,14.0,25.0,86.0,158.0,14.0,373.64,9.525583333333334
104,2004,350.0,11.0,16.0,124.0,128.0,8.0,375.315,9.324583333333333
105,2005,432.0,20.0,30.0,130.0,193.0,13.0,379.98,9.700916666666666
106,2006,401.0,9.0,24.0,76.0,226.0,9.0,382.09,9.532499999999999
107,2007,414.0,11.0,25.0,105.0,218.0,18.0,384.02,9.732166666666666
108,2008,352.0,16.0,10.0,111.0,165.0,5.0,385.83,9.431750000000001
109,2009,344.0,18.0,25.0,87.0,151.0,9.0,387.64,9.505250000000002
110,2010,393.0,17.0,29.0,94.0,184.0,7.0,390.1,9.703083333333332
111,2011,334.0,17.0,16.0,84.0,156.0,8.0,391.85,9.516
112,2012,346.0,21.0,51.0,90.0,136.0,6.0,394.06,9.507333333333333
113,2013,332.0,9.0,14.0,105.0,149.0,10.0,396.74,9.606499999999999
114,2014,320.0,18.0,17.0,99.0,135.0,4.0,398.87,9.570666666666666
115,2015,380.0,28.0,12.0,118.0,160.0,12.0,401.01,9.830999999999998
